87 93 89 10 35 157 167 g
121 175 67 7 45 87 94 g
93 124 66 9 31 90 98 c
93 98 94 10 37 172 181 g
163 191 74 7 53 120 128 m
180 183 92 7 60 173 182 g
176 200 71 7 54 117 126 c
169 182 85 7 55 145 154 g
214 234 74 13 24 132 142 m
128 172 73 13 18 99 107 c
114 135 86 7 54 140 148 g
94 121 71 10 30 100 107 m
102 118 78 10 35 127 135 m
113 119 85 9 40 150 159 m
231 238 76 13 25 139 149 g
83 98 77 10 32 118 126 m
150 182 72 7 46 108 116 c
104 109 93 9 41 170 179 c
147 163 87 13 24 150 159 g
145 168 79 7 55 131 140 m
167 179 89 7 58 160 169 g
99 102 91 10 40 166 175 m
182 187 87 13 22 163 172 g
110 148 77 13 19 111 119 m
122 168 71 12 17 96 104 c
182 185 94 13 22 174 184 g
147 162 89 7 57 154 163 g
112 128 76 9 39 123 131 g
142 166 80 12 19 126 134 m
73 106 66 10 28 82 89 g
168 181 87 13 24 153 162 m
108 112 92 10 39 168 177 g
145 189 71 13 19 103 111 m
82 96 84 9 35 138 146 g
141 164 85 13 22 140 148 g
77 108 72 10 29 97 105 m
93 117 73 9 33 107 115 c
93 98 85 9 39 147 156 m
96 124 70 9 33 100 108 c
84 103 73 10 30 106 114 g
180 188 90 7 57 160 170 m
112 119 79 10 39 138 148 g
118 130 81 10 35 139 148 g
87 112 76 9 33 113 120 c
131 154 79 7 49 127 136 g
88 112 73 9 33 102 110 c
155 155 94 7 55 176 186 g
135 153 89 7 53 152 161 g
127 136 78 9 41 135 144 c
89 105 78 10 32 123 132 m
67 92 69 10 27 92 99 m
184 207 69 7 54 114 123 c
128 134 80 10 36 140 149 g
194 215 77 13 22 132 141 m
161 171 93 13 24 172 182 g
86 108 75 9 32 112 120 m
110 127 80 9 34 132 140 m
94 111 79 9 32 122 130 m
159 188 79 13 24 128 137 m
98 112 81 10 34 131 139 m
217 241 74 14 19 124 133 g
160 167 98 13 25 184 194 g
114 118 81 10 38 146 156 m
279 289 75 13 21 135 144 m
142 171 75 7 51 116 124 m
152 165 82 12 24 140 149 g
101 139 76 7 46 110 117 m
150 170 77 7 50 124 132 m
72 89 78 9 30 114 122 g
117 114 87 10 39 158 168 g
152 159 92 7 59 168 178 g
202 206 82 13 22 146 156 c
95 106 86 10 36 145 154 c
153 162 94 13 26 172 182 g
123 153 76 7 49 117 125 m
132 148 69 10 34 119 129 c
74 95 77 9 31 111 119 c
151 175 72 12 22 113 121 g
107 126 76 10 32 117 126 c
92 104 81 10 36 132 141 g
146 170 82 13 24 135 143 c
87 91 91 10 38 161 170 g
98 107 89 9 37 151 161 g
82 110 73 9 31 103 110 m
94 99 88 9 38 157 167 g
131 165 76 7 47 114 121 m
111 109 93 10 40 175 185 g
106 104 88 10 38 165 175 g
69 92 72 10 28 97 104 m
124 125 78 9 39 135 144 m
139 149 91 7 56 158 167 g
137 157 86 7 51 142 151 g
103 107 94 9 41 173 183 g
139 144 75 10 37 132 142 m
63 87 72 9 29 96 103 m
101 105 77 10 34 132 141 c
162 169 90 13 24 164 173 g
150 171 78 7 52 127 136 m
193 198 81 7 53 145 154 c
91 115 71 10 29 102 109 m
128 141 92 13 24 161 170 g
169 194 76 13 24 127 135 c
145 193 69 13 18 96 103 c
146 150 97 13 24 181 191 m
86 100 81 9 34 130 138 m
139 150 91 7 55 164 173 g
185 190 85 7 58 158 168 g
137 139 78 9 38 138 147 m
90 101 84 10 31 138 147 m
193 210 80 13 21 136 145 m
121 139 85 7 51 140 149 m
159 165 97 7 62 183 193 m
151 186 74 7 51 113 121 m
97 108 85 10 35 143 152 c
87 112 64 9 30 83 91 m
182 200 76 7 52 129 138 m
102 143 71 13 17 94 102 c
118 160 71 7 43 96 104 c
148 166 78 13 23 129 138 c
174 191 84 7 57 145 154 m
129 154 78 7 47 117 125 m
99 114 77 10 34 123 132 c
181 230 66 7 46 97 105 m
193 213 80 7 57 140 149 m
193 202 87 7 60 158 168 g
163 167 95 7 58 174 184 g
102 142 68 9 27 86 93 m
177 204 72 7 52 118 127 m
127 139 92 12 24 160 170 g
86 104 78 10 30 114 122 m
92 103 88 10 36 148 157 g
117 123 78 10 39 139 149 c
104 111 89 9 39 159 169 g
107 133 72 9 35 108 116 m
104 120 77 10 33 125 133 m
143 146 89 7 55 162 172 g
106 128 71 9 33 107 115 c
162 173 85 7 55 150 159 g
94 111 84 10 35 133 141 g
114 115 78 9 39 138 147 m
133 173 72 7 45 104 111 g
135 170 74 7 48 108 116 m
201 206 78 13 25 143 153 m
109 111 96 10 34 174 184 g
173 187 82 13 23 142 152 c
226 233 81 13 22 151 160 m
225 231 76 7 58 137 146 g
185 193 85 13 23 152 161 g
111 152 68 12 21 91 98 c
58 86 67 10 27 83 89 g
75 82 87 10 37 147 156 g
147 157 92 12 27 168 178 g
198 211 77 13 22 133 142 m
139 165 77 13 23 122 130 m
113 120 83 10 37 144 153 g
85 93 90 9 40 154 163 g
185 201 76 13 24 131 141 m
124 177 68 13 17 88 95 m
152 185 75 7 50 117 125 m
128 128 83 10 38 153 163 c
107 107 94 9 39 173 183 g
75 99 74 10 31 106 114 m
242 254 72 13 25 129 139 c
81 97 84 9 35 132 141 m
97 119 73 9 32 108 116 c
101 112 77 10 34 126 135 m
133 161 81 7 51 124 132 g
148 180 73 7 49 115 124 c
93 104 86 10 32 144 153 c
143 133 82 10 40 150 160 m
179 194 79 7 54 138 147 m
67 92 71 10 27 95 102 c
96 101 93 9 37 163 173 g
69 94 72 10 29 99 106 m
178 179 91 13 26 171 181 g
136 144 90 13 23 158 168 m
160 168 92 7 61 168 178 g
129 142 89 13 23 155 165 g
79 94 74 10 33 111 119 m
122 150 74 7 45 106 113 c
129 145 79 13 20 124 132 c
177 186 80 7 60 146 156 m
132 138 82 10 37 148 157 c
174 191 89 13 20 156 166 g
168 181 84 13 24 144 153 g
190 234 70 13 20 104 112 c
98 103 86 9 38 147 156 g
199 230 70 13 19 111 120 c
160 167 96 13 24 178 187 g
77 95 79 9 35 119 127 m
110 109 95 9 42 177 187 g
103 115 82 9 38 139 148 c
214 216 85 13 24 157 167 m
82 108 76 9 31 108 116 m
114 132 71 10 32 108 116 c
189 200 80 13 27 147 157 g
92 125 65 9 29 85 92 m
96 112 77 10 32 119 127 c
89 102 81 10 30 125 133 m
140 180 74 7 48 112 120 m
94 117 69 9 35 104 112 c
189 199 87 7 57 155 165 c
113 116 92 9 39 167 177 g
165 173 95 7 61 172 182 g
194 203 78 7 58 138 147 m
155 163 90 13 24 162 172 g
129 124 91 10 37 165 175 m
106 117 82 9 36 134 143 c
144 169 83 7 53 138 147 g
117 151 70 10 30 101 109 c
103 106 90 9 37 160 169 g
111 143 75 7 46 109 117 m
87 95 87 9 33 145 153 g
152 171 79 13 23 128 137 c
66 90 66 10 27 88 95 c
117 157 77 13 16 111 118 c
167 208 73 13 19 113 121 m
143 182 73 7 49 108 116 c
103 112 92 10 37 163 173 g
85 105 77 10 28 112 120 c
119 118 86 9 38 160 170 g
96 119 73 10 26 106 113 c
160 191 81 13 20 129 137 m
168 187 84 7 56 146 155 m
194 210 77 13 24 133 143 g
176 205 73 7 50 115 124 m
94 112 82 10 34 131 140 m
100 114 75 9 33 117 125 m
121 133 81 10 37 138 147 m
143 146 98 7 61 185 195 m
100 107 80 10 38 139 148 m
98 107 78 10 35 130 139 m
89 117 74 10 32 109 117 m
109 120 80 9 39 136 145 c
164 170 87 7 59 161 171 g
203 219 76 7 56 135 144 m
156 203 68 7 47 96 103 m
114 116 82 9 39 152 162 m
98 114 75 10 37 122 131 m
158 214 70 13 16 99 107 m
95 99 91 9 36 157 166 g
92 118 71 9 33 107 115 m
101 116 80 9 34 133 142 m
95 106 89 10 33 150 159 g
112 120 77 10 38 135 145 g
108 119 80 10 35 138 147 c
104 115 77 10 37 130 139 g
92 114 73 9 30 106 113 m
152 167 81 13 22 134 143 g
97 100 88 9 41 158 167 g
136 165 75 13 20 118 126 c
93 121 72 9 35 105 113 m
132 136 80 9 42 144 154 m
108 113 85 9 38 152 161 c
128 154 80 7 47 122 130 m
86 105 81 10 35 130 139 c
104 119 74 9 39 121 130 c
104 113 82 10 34 138 147 c
115 143 83 12 22 129 138 m
125 153 78 13 21 118 126 c
157 188 76 13 20 119 128 m
103 119 82 10 33 136 145 g
95 104 84 9 38 143 153 g
71 93 71 10 29 96 104 m
106 117 84 10 35 143 152 c
113 125 78 10 38 134 143 m
61 93 66 9 28 81 88 c
157 160 91 13 26 170 179 g
215 222 80 13 22 143 152 m
86 116 73 9 32 104 111 m
118 113 98 9 41 185 195 c
135 158 80 12 22 127 136 c
123 161 75 7 50 111 119 c
117 120 90 10 41 167 176 g
109 111 78 9 36 139 149 m
106 108 88 9 41 160 169 m
142 160 73 10 35 122 131 g
75 104 72 10 29 96 103 m
217 226 80 13 25 146 155 g
108 110 90 10 39 162 172 c
195 212 74 13 24 125 135 m
144 158 76 9 38 129 138 c
212 216 87 13 23 158 168 g
87 103 83 10 34 132 141 g
122 125 83 10 39 152 162 c
118 160 73 7 46 100 107 c
114 112 87 9 40 161 171 g
106 107 91 10 37 160 169 g
193 224 71 7 54 116 125 c
113 120 84 9 40 148 157 g
73 89 79 9 33 118 126 c
122 142 84 13 23 138 147 g
168 181 80 7 54 139 148 m
187 189 91 7 60 170 179 g
117 121 85 9 42 158 167 g
68 97 67 9 28 83 90 m
202 206 75 12 25 138 148 m
130 135 73 9 35 125 134 m
86 115 68 9 32 93 100 c
94 106 79 10 34 128 137 g
80 105 73 9 31 101 108 m
179 183 94 7 61 176 186 g
150 193 74 7 50 113 121 c
115 119 86 9 39 148 157 g
91 100 90 9 37 156 165 g
203 204 95 7 59 173 182 m
128 129 79 10 37 139 149 c
96 95 89 9 39 167 177 g
112 142 80 13 22 121 129 m
78 102 76 9 31 108 115 m
175 185 85 13 22 153 163 m
120 127 74 10 38 133 143 m
82 111 69 10 26 89 96 m
99 104 84 10 38 149 158 g
107 109 89 10 36 161 171 g
94 108 83 9 35 133 142 m
186 200 82 13 25 144 153 g
234 245 75 7 58 137 147 c
235 255 69 13 24 120 129 c
95 112 71 9 36 112 120 m
161 162 96 13 22 179 189 g
215 249 74 7 54 123 132 m
121 121 95 9 39 176 186 g
151 174 78 13 21 124 133 c
147 176 70 7 47 104 112 c
112 115 89 9 39 162 171 g
106 110 82 10 37 150 159 m
73 93 68 9 35 101 109 c
102 99 98 9 41 183 192 g
71 93 72 9 29 98 106 c
160 192 72 7 47 110 119 m
100 147 64 7 40 81 88 c
140 158 82 12 26 143 152 m
200 209 86 13 23 156 165 c
124 131 83 9 42 150 160 m
115 124 80 10 36 138 148 c
143 150 73 10 36 129 138 m
179 214 74 13 22 121 130 m
84 90 90 9 39 158 167 g
91 91 96 9 39 175 185 g
136 182 69 7 41 94 102 c
156 188 76 7 52 122 131 m
92 127 70 10 26 93 100 c
117 151 79 13 19 117 124 g
114 130 87 12 23 143 152 g
134 167 78 7 47 117 125 c
109 140 73 13 19 104 111 g
58 83 68 9 28 86 92 c
89 118 69 9 29 97 105 c
180 180 83 13 25 152 162 m
185 202 81 13 23 141 151 m
224 228 75 7 59 136 146 m
176 196 79 13 22 133 142 m
115 119 84 10 42 157 167 c
87 110 75 10 29 111 119 m
106 144 71 7 42 95 102 m
71 103 68 9 31 90 97 m
82 100 75 10 34 113 121 c
177 188 90 13 23 164 173 m
63 95 69 10 27 88 95 m
142 166 78 7 52 123 131 c
145 199 66 13 17 89 96 m
202 221 77 7 56 132 141 m
158 175 88 7 55 156 165 m
106 108 92 10 36 163 173 g
132 138 77 10 35 138 148 g
167 169 94 13 21 176 186 g
97 117 73 10 31 110 118 m
137 151 87 7 55 151 160 g
103 114 78 10 32 131 139 m
144 154 94 7 56 169 179 g
147 150 77 10 38 142 152 c
144 163 89 7 52 150 159 m
191 249 63 7 47 90 98 m
131 150 69 9 36 113 122 c
248 256 73 7 56 131 141 c
87 103 81 9 33 123 132 c
132 136 72 10 35 122 131 m
74 85 87 10 35 145 153 m
161 170 87 7 57 154 163 c
78 103 73 9 32 102 109 m
104 144 71 7 42 95 102 c
151 172 78 13 20 128 136 m
109 117 76 9 36 128 137 c
140 161 83 13 22 134 143 c
143 155 73 9 37 126 135 c
108 121 78 9 34 125 133 m
92 92 97 9 41 183 193 g
90 95 94 9 41 168 177 g
150 207 71 13 21 100 108 g
91 105 82 9 36 133 142 g
98 112 83 10 34 136 144 m
180 201 76 7 54 128 138 m
152 206 67 13 18 93 100 m
112 110 94 9 42 175 185 g
105 118 81 9 35 131 139 m
226 231 77 7 59 139 149 c
211 228 88 7 62 157 167 g
129 135 92 7 56 170 180 g
113 110 85 10 40 155 164 m
132 142 78 10 35 130 138 m
145 173 79 7 48 120 128 m
186 207 74 7 55 124 133 m
82 99 78 9 31 115 123 g
154 198 68 13 19 97 105 g
140 143 81 9 42 149 159 m
151 195 65 13 18 91 99 c
92 126 67 9 29 91 98 m
170 185 80 13 21 135 144 m
137 135 74 9 42 136 146 g
140 169 77 7 52 123 132 m
116 169 64 7 39 78 85 m
196 212 74 7 54 128 137 c
100 106 92 10 36 163 172 g
114 116 81 10 35 142 151 c
157 156 76 9 40 137 146 m
147 146 80 10 39 147 157 c
178 189 81 13 24 144 153 m
175 176 85 12 26 157 167 g
136 157 87 7 53 147 156 g
152 167 90 13 22 156 165 g
113 118 86 10 37 152 161 m
107 121 74 10 32 123 132 m
102 117 81 9 34 127 136 g
110 117 85 10 37 149 158 g
131 160 72 7 47 110 118 c
141 168 79 7 47 119 127 m
102 101 96 9 41 176 186 g
105 159 62 12 20 78 84 c
81 86 91 9 39 156 165 g
171 179 88 13 22 158 167 c
130 130 76 10 37 139 148 g
131 140 87 13 24 148 157 g
107 133 74 10 33 113 121 c
63 94 63 9 26 75 82 c
178 182 91 7 60 168 177 g
154 151 98 7 63 185 195 g
222 227 76 7 58 140 150 g
113 120 84 9 36 149 158 g
116 120 88 9 39 160 169 g
100 110 88 10 36 149 158 g
120 121 80 10 39 148 158 m
233 241 78 7 58 143 153 c
93 126 73 13 20 100 107 m
107 163 63 7 41 76 83 c
156 180 78 13 21 127 136 c
87 104 82 9 35 128 136 m
175 201 77 13 19 123 132 m
134 171 74 7 48 110 118 m
144 169 81 7 52 132 140 c
101 116 75 10 33 118 126 c
143 154 82 7 53 145 154 g
117 138 80 10 33 132 140 g
215 225 73 13 24 129 139 g
141 168 76 13 23 121 130 c
79 101 71 10 27 96 104 m
128 143 75 10 36 121 130 m
100 146 69 7 45 90 97 c
157 162 91 13 24 167 176 g
64 94 61 10 26 71 77 g
231 236 77 7 62 140 150 m
169 180 86 7 57 153 162 g
107 129 68 9 34 99 107 m
102 153 64 7 37 78 85 c
105 119 77 10 34 125 133 m
206 209 78 7 60 145 155 m
83 103 75 10 29 109 116 c
120 158 74 13 18 104 111 m
126 128 89 9 41 165 175 m
88 105 79 9 35 124 133 m
140 140 76 9 39 135 145 c
85 103 83 10 30 130 138 g
166 186 82 7 57 141 150 m
133 137 76 10 38 135 144 g
204 217 75 12 26 129 138 m
75 98 67 9 31 93 101 c
108 117 76 10 36 127 136 m
175 189 80 12 22 139 148 g
95 115 77 10 34 123 131 m
83 114 71 10 30 97 105 m
72 94 72 9 31 101 108 g
228 238 80 13 24 145 154 m
130 159 81 7 49 125 133 g
177 191 80 12 28 140 149 m
123 157 73 7 45 107 115 m
92 98 89 9 43 163 172 g
109 127 76 10 36 120 128 m
112 133 72 10 33 111 119 c
160 180 79 7 52 132 141 m
156 190 74 13 20 112 120 m
108 150 71 12 17 95 103 m
96 155 61 13 13 70 77 c
95 100 94 10 33 167 177 c
170 191 76 7 50 124 133 c
195 208 86 7 59 153 163 g
92 94 92 9 44 168 178 g
228 223 81 7 60 151 161 m
105 149 68 13 17 88 95 m
106 108 87 10 39 157 166 m
83 106 74 9 32 107 114 m
70 101 68 10 27 88 95 m
150 172 79 13 22 132 141 c
171 183 89 13 19 159 169 m
219 218 84 13 23 156 166 g
85 111 71 9 31 98 105 m
137 183 76 14 17 108 116 m
144 149 77 10 35 139 149 m
213 214 83 7 57 153 163 m
131 132 89 10 38 164 174 g
65 86 73 10 27 101 108 c
226 238 78 7 62 144 153 m
105 115 93 10 38 168 177 g
96 103 88 9 38 146 155 g
134 155 83 13 21 134 142 c
177 194 82 13 22 140 149 m
108 116 80 10 38 137 146 m
164 182 81 7 54 137 146 m
182 187 83 12 27 149 158 m
152 164 78 7 52 136 145 m
93 90 94 9 43 176 186 g
111 155 70 7 43 91 98 c
83 108 71 10 30 103 111 m
210 222 81 7 54 142 151 m
136 187 67 7 47 91 98 c
97 104 88 10 38 151 160 g
59 83 68 9 27 89 96 c
147 185 70 13 19 101 109 m
221 231 85 7 61 156 166 m
187 202 78 7 57 134 143 c
170 197 77 7 54 126 135 m
152 156 73 9 36 122 131 m
201 218 75 7 56 131 140 c
125 129 75 9 41 130 139 m
92 93 99 9 45 187 197 g
166 171 91 13 23 165 174 g
87 102 82 9 36 133 142 m
157 164 76 10 39 136 146 c
106 118 81 9 40 140 149 m
199 208 86 13 23 161 171 m
128 154 78 13 22 122 130 g
166 181 87 7 56 150 159 g
205 225 70 7 53 117 126 m
69 83 79 9 32 119 127 g
78 104 76 9 32 108 116 g
133 174 71 7 47 100 107 c
177 189 87 13 25 154 163 g
155 205 66 13 18 92 99 g
108 122 72 10 35 114 122 g
160 156 83 9 39 155 165 c
170 186 82 7 59 146 155 c
105 140 77 13 18 112 120 g
157 176 83 7 52 138 147 g
149 185 75 13 21 114 122 m
91 118 76 9 34 111 119 m
144 184 68 7 48 100 108 c
136 188 67 7 45 89 97 c
94 120 72 10 30 106 114 c
186 216 71 7 56 114 122 m
139 148 92 7 56 166 176 g
151 164 90 13 23 158 167 m
135 172 74 13 19 111 119 m
116 125 73 10 34 123 132 c
187 203 80 7 57 138 147 c
104 102 90 10 39 169 179 m
131 147 89 13 22 153 162 m
183 225 69 13 19 107 115 m
126 143 87 13 23 143 152 g
190 199 90 7 65 169 179 m
122 118 94 10 40 176 186 g
170 182 81 7 56 144 153 m
78 102 70 10 30 98 105 m
120 160 71 13 19 100 107 g
111 113 85 9 39 150 159 m
157 154 86 10 41 160 170 m
109 127 76 10 32 118 127 g
127 128 82 9 40 151 161 c
173 180 94 13 22 169 178 g
139 146 77 10 35 135 145 c
215 222 79 13 22 142 151 c
110 147 73 7 43 99 106 g
85 111 74 10 30 107 115 c
189 192 93 13 26 171 181 g
124 117 91 10 40 171 181 g
111 114 91 9 40 165 175 c
245 253 74 7 56 134 143 m
97 110 82 9 36 132 140 c
113 123 78 10 34 132 141 g
105 123 73 10 33 118 126 c
106 142 73 13 19 100 107 c
111 155 73 13 18 101 109 m
93 106 79 9 34 130 139 m
155 163 94 7 57 169 179 g
142 149 70 9 38 121 130 m
116 144 75 10 31 112 120 m
87 110 73 9 29 100 107 m
78 96 76 9 36 117 126 c
159 174 81 13 23 140 149 m
191 215 75 7 53 128 137 m
78 109 68 9 29 90 97 m
119 131 82 10 36 141 150 c
80 112 71 10 29 96 103 g
130 177 69 13 19 97 104 m
111 134 67 10 32 97 105 m
211 224 75 13 23 129 138 g
141 158 87 7 55 148 157 g
122 141 74 10 33 120 129 m
73 96 75 10 29 106 113 m
169 167 91 13 27 170 180 g
143 154 91 7 58 165 175 g
87 92 95 9 39 171 181 g
134 160 79 13 22 124 132 g
175 181 91 13 23 166 176 g
105 118 89 10 34 151 159 m
112 141 71 9 34 105 113 c
241 260 68 7 57 118 127 c
127 142 87 7 51 145 154 g
205 211 81 7 58 149 159 c
129 156 77 7 49 117 126 m
234 242 77 13 23 143 153 c
121 141 78 7 47 121 129 m
71 98 68 10 26 89 96 m
102 123 72 9 35 112 120 m
214 218 83 7 63 155 165 m
97 100 91 9 42 161 170 g
173 184 84 13 25 153 163 c
85 104 80 10 34 122 130 m
155 160 97 12 25 178 188 m
107 106 94 10 38 172 181 g
120 118 92 10 37 170 180 g
219 226 78 7 60 142 152 m
108 161 70 7 44 92 99 m
85 103 80 10 33 121 129 g
143 159 80 7 48 128 136 g
111 129 75 9 33 116 124 m
93 114 76 10 31 116 124 m
74 102 72 9 31 100 107 c
144 179 73 13 22 112 121 m
115 118 88 9 39 156 166 m
199 208 81 13 26 151 161 m
153 171 88 13 22 152 161 g
161 185 74 12 23 119 128 g
140 139 82 9 40 153 163 g
101 105 84 9 38 144 153 c
180 211 74 13 22 121 130 m
131 175 67 13 18 90 98 c
125 134 92 7 55 166 175 g
101 107 82 9 39 141 150 g
140 148 95 13 26 173 182 g
237 250 76 13 23 138 147 c
132 136 81 10 36 145 155 c
131 169 74 13 17 108 116 m
132 164 76 13 19 114 122 m
141 152 92 13 24 169 179 g
134 142 88 10 36 156 165 g
77 105 72 10 29 101 108 c
130 161 80 7 48 124 132 g
184 189 86 13 25 159 168 m
185 190 92 7 59 170 180 g
73 93 75 9 33 106 113 g
176 193 79 12 26 138 147 m
81 95 81 9 33 125 133 m
151 152 73 10 38 131 141 m
198 220 74 13 22 123 132 c
82 97 81 10 36 133 141 g
141 157 90 13 22 154 163 g
79 108 66 9 29 87 94 m
173 198 81 7 53 136 145 g
113 136 70 10 31 106 114 m
66 102 61 9 26 70 76 g
117 127 83 9 40 145 154 m
120 146 80 7 50 121 129 m
181 184 84 13 27 157 167 m
90 103 82 9 32 128 136 c
87 101 77 10 33 118 126 c
100 108 88 10 38 155 164 g
154 172 87 7 53 150 159 g
103 114 84 9 38 143 152 g
129 174 73 13 20 105 113 g
110 122 78 10 32 132 141 m
121 120 90 10 43 168 177 g
88 102 84 9 37 137 145 g
119 170 66 7 43 87 94 m
111 119 81 10 35 140 149 m
121 124 79 10 38 141 150 c
124 122 87 9 44 162 172 g
118 158 73 13 18 100 107 m
146 171 82 7 50 132 141 c
168 181 81 13 24 143 153 g
103 108 84 10 37 152 162 c
162 197 70 13 17 106 114 m
131 128 91 9 39 168 178 g
132 158 79 13 18 122 131 m
180 192 83 7 55 146 155 c
133 145 87 13 21 147 155 g
82 107 68 10 30 95 103 c
85 88 92 9 40 167 177 g
185 196 81 7 58 144 153 m
152 182 76 12 21 119 127 c
96 129 66 9 30 88 96 c
165 197 81 7 55 132 141 m
165 191 78 13 20 122 130 c
65 84 71 10 27 99 107 c
102 113 85 9 35 140 148 c
119 119 92 9 40 173 183 g
195 213 83 14 19 144 153 g
119 132 89 13 24 151 159 g
190 192 87 13 25 163 173 c
165 202 71 7 50 109 118 m
127 125 87 9 39 162 172 m
97 105 87 9 36 149 158 g
73 104 69 9 30 92 99 m
63 88 69 9 31 92 99 m
93 130 69 7 42 91 98 g
133 141 94 13 23 168 177 g
137 153 85 12 23 145 154 m
136 166 80 13 22 124 133 c
80 111 66 10 26 90 97 c
115 117 81 9 38 151 161 m
112 122 82 10 38 144 153 m
121 156 80 7 51 120 128 c
156 179 84 13 19 136 144 g
112 172 66 13 15 81 87 g
211 223 77 13 23 139 148 m
226 238 78 13 24 143 153 g
277 279 73 7 61 135 145 m
85 134 63 7 37 73 79 c
88 102 80 10 36 126 134 c
220 234 78 7 59 141 151 m
187 219 72 13 23 119 128 m
174 174 92 13 24 172 181 g
94 106 80 9 36 126 134 c
147 168 86 7 56 141 150 g
101 104 85 9 40 152 162 g
165 173 89 13 25 161 171 g
144 181 70 7 52 106 115 c
126 133 79 9 39 138 147 c
117 146 73 12 21 105 113 m
151 160 96 7 57 177 186 g
117 124 82 9 39 148 158 c
201 210 79 7 54 143 153 m
165 190 76 12 22 125 133 m
113 115 91 10 38 169 179 g
108 131 73 9 33 111 119 c
144 150 92 13 22 163 172 g
160 180 75 13 21 126 135 c
155 157 96 7 57 177 186 g
73 100 74 9 31 103 110 c
109 112 89 9 37 163 173 g
87 87 98 10 40 185 195 g
105 102 93 10 35 170 180 g
174 194 77 7 54 131 140 m
163 184 77 7 54 130 139 m
117 136 79 9 35 131 140 g
169 203 73 7 51 112 120 m
198 212 81 13 23 144 154 g
130 162 82 7 52 127 135 m
241 245 76 13 26 141 151 m
157 178 81 13 22 138 147 m
96 105 87 10 36 148 157 g
94 148 64 7 40 78 84 c
105 118 86 10 32 141 149 c
160 176 93 13 22 165 174 c
101 127 75 9 34 113 121 m
77 88 85 10 34 137 145 g
159 177 80 13 22 130 139 g
106 122 84 9 35 140 148 g
214 216 76 7 56 136 145 c
120 128 84 9 37 142 151 m
116 148 76 7 47 110 118 m
182 194 80 13 22 139 148 g
111 110 86 10 37 159 168 m
97 121 74 10 31 111 118 m
110 118 76 10 34 128 137 m
127 156 80 7 50 125 133 m
83 104 75 10 30 112 120 g
176 183 76 7 58 136 146 m
188 217 73 7 55 119 128 m
139 179 73 13 20 105 113 m
106 107 99 10 39 187 197 g
111 114 81 9 38 141 150 g
144 189 71 7 45 101 109 c
94 120 69 10 29 97 104 c
122 154 79 7 47 119 127 g
145 143 79 9 41 146 156 c
116 125 79 10 36 131 140 g
208 211 80 13 27 149 159 c
111 114 90 9 39 165 174 m
108 113 90 10 33 155 164 g
70 99 64 10 27 83 90 c
150 180 75 13 21 116 124 m
161 180 82 13 21 142 151 m
215 213 85 13 25 159 169 m
107 155 68 7 43 88 95 m
137 146 81 10 38 139 148 m
136 147 78 9 36 135 144 c
106 128 75 9 35 119 127 m
115 121 81 9 41 145 154 g
196 200 87 7 60 158 168 g
116 134 80 9 35 130 139 g
156 197 70 12 24 106 114 g
92 102 83 10 35 136 144 g
118 136 76 9 36 122 131 m
109 127 73 10 36 117 125 m
70 102 62 10 25 77 84 g
78 89 86 10 35 140 149 c
189 194 79 13 24 142 152 c
163 171 89 13 24 160 170 m
138 166 77 7 50 122 131 m
117 168 65 7 42 83 90 m
104 142 73 13 19 101 108 m
96 110 82 10 35 134 142 g
92 99 88 10 34 149 158 g
161 195 69 13 19 104 112 c
140 165 73 12 22 111 119 m
91 104 84 9 36 135 143 g
105 110 89 10 40 162 172 g
115 152 74 13 20 104 111 m
193 202 86 13 25 157 167 g
109 117 85 10 37 146 155 g
100 115 76 10 35 126 135 m
154 152 78 10 37 142 152 m
226 230 78 7 59 144 154 c
185 210 73 13 22 121 130 m
93 150 63 13 16 73 80 c
137 145 87 12 24 153 162 g
127 144 69 9 34 110 118 g
131 149 87 13 22 147 156 g
133 160 78 13 21 123 132 m
114 147 80 13 18 121 130 m
136 138 77 9 41 141 151 c
57 76 74 10 28 102 109 m
129 157 82 13 19 131 140 g
131 166 81 7 49 123 132 g
153 157 92 12 26 169 178 m
219 230 73 13 24 127 136 c
141 164 83 13 21 130 139 m
125 163 76 7 47 110 117 m
125 136 89 7 51 152 161 g
182 201 77 13 23 133 142 m
172 189 79 13 21 137 146 m
161 171 82 7 51 140 149 m
163 194 75 7 55 120 129 m
200 199 85 7 54 155 165 m
132 134 83 9 41 151 161 m
126 133 78 9 39 140 150 c
134 174 76 7 47 110 118 g
156 174 88 7 56 153 162 g
139 189 65 7 41 87 94 c
98 100 89 9 40 159 169 g
108 123 80 9 36 129 138 m
103 157 62 13 16 74 80 m
146 152 87 13 27 161 171 m
136 182 70 13 19 100 108 g
162 172 90 13 23 159 168 g
142 183 71 7 47 104 112 m
121 132 81 10 37 140 149 m
102 146 70 7 38 91 98 m
122 122 82 10 37 152 162 c
103 114 80 9 35 135 144 c
102 143 71 13 18 94 101 g
175 207 71 7 52 113 122 m
80 97 79 9 33 120 128 m
90 98 88 10 36 154 164 g
95 99 91 9 36 160 169 g
198 225 76 7 56 127 136 m
193 212 74 12 26 125 134 m
88 105 73 10 33 113 121 g
192 199 82 13 25 148 157 c
95 133 70 10 27 93 100 m
174 186 75 7 56 135 144 m
130 157 76 7 47 114 122 c
161 169 96 7 59 180 190 g
150 180 79 13 21 125 134 m
123 153 81 7 51 123 131 g
131 136 76 9 40 137 146 m
104 144 71 7 41 95 102 c
124 134 75 9 38 128 138 m
231 251 73 7 57 127 136 c
139 174 74 13 20 111 119 c
184 199 78 7 54 133 142 c
98 114 75 9 33 118 127 m
143 158 86 7 57 146 155 g
77 102 77 9 33 112 119 m
138 170 80 13 22 126 134 m
152 191 67 7 46 100 108 c
117 116 87 9 39 157 167 g
175 182 84 7 57 148 157 m
150 140 76 9 41 138 148 c
106 119 78 10 35 133 142 m
88 90 90 10 39 161 170 g
101 115 86 10 36 146 154 g
169 191 78 7 55 130 139 m
91 91 89 9 40 163 173 g
158 198 73 13 19 109 117 m
157 201 73 7 49 105 113 m
57 82 67 10 24 84 91 g
181 188 89 13 25 164 174 g
125 191 65 13 14 79 86 c
118 131 76 9 38 132 141 g
91 110 77 10 34 118 127 m
126 178 72 13 18 98 106 g
111 124 88 9 35 150 159 g
201 210 79 13 24 134 143 c
151 189 74 7 49 111 119 c
132 135 78 9 38 137 147 m
151 184 74 7 51 113 121 m
166 171 93 13 20 172 182 m
79 101 77 10 31 114 121 g
112 120 75 9 36 124 132 m
93 101 85 10 37 149 159 c
125 158 71 7 47 101 109 c
198 218 73 7 54 124 133 c
128 165 78 13 19 117 125 m
195 226 69 13 20 111 119 g
211 254 66 13 20 101 109 m
139 157 87 13 22 145 154 m
122 171 64 13 19 85 92 c
133 139 77 10 37 138 147 c
129 155 80 7 50 126 135 m
238 276 72 7 53 117 126 c
136 159 77 13 24 124 133 m
182 188 85 7 59 151 161 c
154 183 74 7 49 115 123 m
119 124 82 10 37 137 146 c
112 123 85 10 37 150 159 c
95 126 73 12 22 103 111 m
192 196 87 7 55 157 166 m
145 157 81 12 25 139 148 m
171 205 71 7 53 111 119 m
214 211 77 7 59 143 153 g
176 185 92 7 59 166 176 g
153 172 85 13 22 143 152 g
148 170 81 12 25 131 139 c
117 125 79 9 38 140 150 m
127 142 91 7 54 157 166 g
130 137 80 9 39 149 158 m
111 114 97 9 40 180 190 g
125 137 80 9 36 137 146 m
81 88 91 10 38 158 167 g
162 175 76 13 22 129 138 m
150 174 80 13 20 129 138 m
138 139 87 9 41 162 171 g
64 95 64 9 25 77 83 c
83 95 81 9 34 130 139 m
93 92 89 10 38 165 175 m
153 167 87 13 23 149 158 g
222 218 81 7 58 151 161 c
113 126 80 10 36 135 144 m
154 203 70 13 18 100 108 m
150 146 81 10 39 151 160 c
86 129 67 7 42 86 93 g
81 108 73 10 30 103 110 c
104 144 73 13 17 100 107 m
134 169 73 7 49 109 117 c
134 144 73 10 35 121 130 g
69 107 61 10 26 72 78 m
172 172 75 10 39 134 144 c
158 156 82 10 41 152 162 c
164 175 89 13 23 158 167 m
102 143 66 12 19 85 92 c
185 197 87 13 24 161 171 m
190 191 91 13 24 171 181 g
118 164 71 7 43 95 102 m
112 135 70 9 32 108 116 m
103 122 81 9 36 127 135 m
96 100 90 10 34 153 162 g
156 167 93 13 22 169 179 g
120 162 69 12 20 94 102 m
227 228 75 13 24 139 149 m
141 169 80 13 24 130 138 c
149 189 73 7 48 106 114 c
85 111 72 10 27 101 109 m
145 183 71 13 20 100 108 c
162 168 95 13 25 177 187 g
103 148 72 7 43 96 103 m
134 135 80 10 38 149 159 m
81 101 76 10 28 108 116 m
73 104 69 9 27 89 96 g
141 145 76 10 36 134 143 c
111 158 70 13 17 93 100 m
110 128 71 9 34 115 124 c
110 111 91 10 38 162 171 g
163 189 71 7 51 111 120 m
157 159 97 13 24 182 191 g
113 127 84 10 37 144 153 g
127 180 72 14 16 97 105 g
125 132 76 9 39 135 145 m
202 211 77 13 23 138 148 m
142 176 79 7 49 119 127 c
212 225 75 7 60 133 143 m
107 131 71 9 33 111 119 c
162 185 81 13 22 136 145 m
94 121 69 10 30 95 103 c
133 130 91 9 42 170 180 g
152 153 74 10 40 136 146 m
126 144 73 9 35 119 127 c
82 106 74 10 33 108 116 c
102 108 90 9 37 160 170 g
148 187 69 13 20 102 110 c
176 192 81 7 54 139 148 m
158 195 73 7 50 110 118 m
154 164 88 7 59 160 170 g
117 112 90 9 41 168 178 g
121 175 65 7 44 83 90 c
89 115 68 9 30 95 102 g
102 102 96 9 42 180 190 g
85 107 79 10 32 119 127 m
176 189 81 13 23 141 150 m
163 161 82 10 37 150 160 c
94 109 75 9 37 119 128 m
93 104 82 9 34 127 135 c
95 124 70 10 30 95 103 m
108 151 64 7 40 83 91 c
86 95 86 9 34 144 153 m
155 166 89 7 56 159 169 m
215 225 81 13 24 148 158 c
172 181 86 13 26 158 168 g
155 167 90 7 57 156 165 g
123 152 79 13 22 118 126 m
151 177 77 13 22 123 131 m
97 107 84 10 35 140 149 g
66 99 65 9 28 81 88 m
112 167 67 7 42 85 91 m
107 113 83 10 35 145 154 c
135 148 77 9 36 131 140 m
174 205 74 13 21 116 125 c
133 158 77 13 21 122 130 c
147 168 79 7 51 129 138 m
150 149 80 10 35 147 156 c
219 229 74 13 22 135 145 c
125 128 85 10 38 152 161 g
118 117 87 10 40 162 172 c
72 91 75 9 32 110 118 c
85 97 84 9 35 136 145 m
90 133 65 12 17 81 88 m
106 113 82 10 34 144 153 m
115 116 83 9 36 144 153 g
122 131 94 7 55 168 177 g
98 112 81 9 34 129 137 g
95 112 80 10 32 125 133 m
135 173 76 7 44 109 116 c
84 97 80 10 33 128 137 m
96 110 82 9 37 129 137 m
221 231 80 13 26 147 157 c
166 179 80 7 54 137 146 m
66 92 68 10 26 87 94 m
57 90 65 9 29 78 85 c
161 181 85 7 50 137 146 m
147 178 69 13 22 105 113 m
185 203 74 7 53 124 133 c
161 188 76 13 21 122 130 c
115 141 75 12 21 114 122 m
147 190 71 13 18 104 112 m
89 96 89 10 37 153 162 g
73 103 72 10 30 99 106 c
188 215 68 13 21 110 118 m
145 164 82 13 21 133 142 g
117 168 63 7 41 78 85 m
129 141 93 13 25 164 174 g
171 182 87 13 25 157 166 g
99 125 73 10 30 107 115 m
111 168 64 13 16 80 87 c
78 95 75 10 32 113 121 g
106 119 75 9 37 123 132 m
171 170 78 10 37 142 152 m
83 97 81 10 33 128 136 m
157 176 75 7 52 123 132 m
125 143 73 9 37 122 131 c
142 158 86 13 22 143 152 m
106 124 75 9 36 122 131 g
145 152 92 7 58 165 175 g
155 168 89 7 57 157 167 g
86 101 76 9 35 121 130 g
119 134 90 13 23 153 162 g
103 115 75 9 36 129 138 m
106 120 71 10 32 116 125 c
183 191 89 13 22 157 166 g
177 222 66 7 50 95 102 m
96 100 87 10 36 156 166 g
184 190 92 7 59 169 179 g
126 156 76 7 47 110 118 m
120 125 81 10 36 146 156 m
76 116 63 9 29 73 80 c
105 133 80 13 20 120 128 m
97 116 72 9 33 111 120 m
98 112 81 9 38 130 138 c
178 192 83 7 58 141 150 m
136 170 76 13 19 112 120 c
107 158 66 7 39 85 92 m
120 138 77 10 35 126 135 m
123 127 91 10 38 164 173 g
109 118 84 10 32 144 153 g
82 106 74 9 33 107 115 m
108 112 82 9 45 149 159 m
142 176 74 13 18 113 121 m
263 267 71 7 58 127 136 m
100 111 81 10 34 136 145 m
89 103 80 10 34 129 138 m
145 154 96 13 25 175 185 m
128 140 73 10 36 124 134 m
88 100 77 10 35 124 133 g
100 120 72 9 33 110 118 m
117 170 64 7 43 81 88 m
99 116 75 9 35 122 131 m
77 110 66 10 26 87 94 c
131 163 77 7 47 114 122 c
144 156 94 7 58 169 179 g
231 243 78 7 60 140 150 m
187 196 88 13 22 162 171 g
63 91 68 10 25 85 92 m
218 243 77 7 56 131 141 m
120 130 74 10 35 128 137 c
140 147 79 9 39 135 144 m
154 188 72 7 48 107 115 c
178 189 78 13 25 136 145 m
162 167 92 13 23 168 178 g
103 112 88 9 37 147 156 g
202 215 75 13 25 134 143 c
85 105 77 9 34 117 125 c
90 99 81 10 35 135 144 g
135 168 71 7 48 107 116 m
169 174 91 12 25 169 178 g
175 184 92 13 25 167 177 g
150 155 94 13 25 173 183 g
125 168 72 13 19 101 108 m
104 117 82 10 32 132 140 m
153 156 91 13 24 169 179 c
131 153 82 7 51 131 139 g
112 110 92 10 37 171 180 g
94 130 71 10 30 95 102 c
133 163 83 7 50 130 138 g
118 152 76 13 19 109 117 g
118 126 78 9 41 132 141 c
177 221 67 13 20 100 108 c
147 159 92 13 24 161 170 g
162 201 74 7 50 114 122 m
122 167 65 7 40 84 91 c
114 121 78 9 39 139 149 m
214 220 84 13 24 156 165 m
68 89 74 9 32 105 112 m
74 105 67 9 27 83 90 c
65 95 66 9 28 82 88 g
139 147 94 13 22 169 179 m
78 91 82 9 37 127 135 m
158 161 96 13 24 177 187 m
116 113 96 10 38 177 187 g
212 221 83 13 21 153 163 m
106 117 84 10 36 143 152 g
202 214 79 7 55 138 147 m
209 233 73 13 21 123 132 g
154 183 77 7 47 121 129 m
157 187 72 12 23 111 119 m
195 202 88 13 20 160 170 g
131 132 82 9 40 149 159 c
133 182 68 13 18 92 99 m
143 158 75 10 34 122 131 m
118 129 72 9 33 116 124 g
142 179 69 13 19 99 106 c
171 168 98 13 25 183 193 g
107 121 86 10 33 144 153 g
163 177 89 13 22 156 165 g
146 172 79 13 22 126 135 m
197 207 81 13 23 144 153 m
107 119 72 9 35 117 126 m
176 186 85 12 27 153 163 g
178 193 91 14 18 163 172 g
88 135 64 7 38 79 86 c
119 126 87 9 37 153 162 g
144 171 82 13 21 130 138 g
111 149 74 7 41 104 111 c
122 156 74 13 20 106 114 m
82 101 78 9 33 119 127 c
103 111 88 10 32 150 159 g
91 102 80 10 34 131 139 c
182 198 82 13 23 143 152 m
111 145 74 12 19 104 111 m
135 149 93 13 23 164 173 g
152 194 69 7 47 100 108 m
129 148 71 9 37 114 122 m
99 126 70 10 30 102 109 c
98 108 90 9 39 155 164 g
106 114 83 9 40 141 150 m
115 115 96 9 40 175 185 g
135 181 71 7 46 99 107 m
135 130 79 9 42 147 157 m
83 112 68 10 31 95 103 c
186 207 86 7 58 146 155 g
113 151 72 13 17 100 107 g
113 135 76 9 35 117 125 c
126 125 90 10 39 162 172 g
90 113 71 10 32 105 113 m
105 134 65 10 28 91 99 c
124 133 79 10 37 143 153 c
147 170 78 12 20 125 134 g
81 104 73 9 29 100 107 c
144 158 86 13 23 147 156 g
168 204 70 7 49 107 115 c
97 111 77 10 31 122 130 m
126 168 70 13 17 97 104 m
138 185 68 13 17 94 102 c
105 123 78 9 33 123 131 m
82 93 86 10 33 144 153 g
128 160 77 13 18 115 123 c
124 126 84 10 36 155 164 g
142 147 93 7 56 164 173 c
138 160 86 13 21 140 149 g
160 191 82 13 19 130 139 m
185 215 72 7 54 116 125 c
177 201 78 7 55 128 137 m
160 174 83 7 55 147 157 m
113 131 74 9 35 118 127 g
167 175 92 13 25 163 173 m
222 230 75 13 24 135 145 c
131 156 78 12 22 120 129 g
66 85 75 9 29 107 115 m
84 98 86 9 36 140 149 g
161 171 91 13 24 161 171 m
123 132 70 9 37 117 126 g
78 81 89 9 42 160 170 g
193 194 88 13 24 164 174 g
99 117 76 10 35 121 130 c
119 126 83 9 38 151 160 m
99 106 80 9 38 137 146 m
187 196 86 7 57 156 166 g
149 148 92 7 57 169 179 g
140 171 70 7 48 104 112 m
138 153 87 12 23 145 154 g
205 208 85 13 23 155 165 m
213 219 74 13 27 134 144 m
94 114 72 10 33 112 120 m
95 121 80 10 31 120 128 c
132 133 80 10 40 146 155 m
107 139 74 13 18 102 109 g
129 141 88 7 54 150 159 g
89 124 68 10 29 91 98 c
125 160 78 7 48 117 125 g
93 102 74 9 37 122 131 m
185 189 85 7 63 159 169 m
139 150 88 13 23 151 160 g
133 155 85 13 23 137 145 g
134 159 80 7 52 128 137 g
129 132 79 10 38 142 151 g
99 108 90 10 37 161 171 g
150 160 90 7 59 159 169 g
160 161 89 7 57 163 172 g
210 217 77 7 60 142 152 c
159 191 79 13 20 130 139 m
179 209 76 13 19 124 133 m
99 106 89 10 34 157 166 g
119 151 75 12 25 116 124 m
85 115 70 10 27 93 101 m
137 160 77 13 22 120 128 c
109 164 64 7 40 81 88 g
108 111 88 9 40 159 168 g
128 141 74 9 37 122 130 g
120 174 67 13 17 86 92 g
140 172 72 13 23 109 118 g
135 170 71 13 20 104 112 m
148 149 93 7 60 174 184 g
118 159 74 7 47 104 111 g
239 251 76 7 60 136 145 c
151 169 83 7 55 140 149 m
135 159 84 7 54 138 146 m
188 198 81 7 58 145 154 m
81 86 87 9 34 148 157 g
65 86 73 10 30 102 109 m
75 106 69 9 31 90 97 m
90 98 81 9 37 137 145 m
267 271 77 7 58 141 151 m
103 130 78 7 47 114 122 m
121 144 68 10 32 102 110 c
80 132 61 12 17 69 76 c
143 148 95 13 24 177 187 g
85 91 89 10 36 154 164 g
113 146 76 13 21 109 116 m
164 190 73 13 22 120 128 m
103 117 82 10 35 130 139 m
131 141 78 9 39 136 145 c
97 117 73 9 33 109 117 c
103 122 82 9 35 130 139 m
183 190 91 7 58 169 178 g
74 85 80 10 35 123 132 m
130 130 72 9 39 133 143 m
130 169 69 13 19 100 108 c
120 126 83 10 37 149 158 c
99 102 96 10 37 178 188 g
94 150 63 7 41 75 81 m
205 220 83 13 22 149 158 m
166 176 80 12 25 143 152 m
193 231 75 7 52 117 126 m
226 247 74 7 59 127 136 c
140 172 73 7 50 113 121 m
138 160 86 13 22 140 149 g
199 222 77 7 58 133 142 c
124 129 85 10 38 148 157 c
99 148 66 13 19 84 91 m
155 175 81 7 52 131 139 g
108 133 74 9 34 111 119 g
202 214 80 7 57 143 153 c
109 118 87 9 35 151 161 g
183 208 73 7 55 120 129 g
169 179 89 7 59 160 169 c
187 196 78 7 57 141 151 m
136 174 72 7 45 107 115 m
66 85 73 10 30 103 111 m
135 135 82 10 40 149 159 c
158 186 68 12 22 105 113 c
120 173 68 7 40 90 97 m
178 192 87 7 57 155 165 g
158 188 76 7 50 119 127 m
131 158 84 13 21 134 142 m
156 160 89 7 58 165 175 g
88 101 81 9 34 128 136 m
91 95 94 10 39 171 181 g
176 190 80 13 23 138 147 m
147 154 78 9 41 144 154 m
104 106 96 9 40 178 187 g
188 203 78 7 58 137 147 g
184 191 84 13 22 150 159 g
79 108 69 10 27 92 99 m
150 155 92 13 23 164 173 g
92 107 80 9 36 127 135 m
125 148 76 13 20 118 126 m
115 121 90 10 36 162 171 g
155 182 71 7 52 116 125 g
134 167 77 13 20 118 126 c
151 162 74 10 38 128 138 m
208 214 84 7 59 156 166 g
83 98 76 10 33 117 125 m
92 114 78 10 33 121 129 g
118 125 75 9 41 135 144 g
97 131 64 10 29 86 93 m
227 246 79 13 21 132 141 m
180 202 78 13 22 135 144 m
73 99 72 10 30 101 109 m
111 119 89 9 38 156 165 c
130 151 84 13 21 136 144 m
104 111 83 9 37 140 149 c
150 180 79 13 20 125 133 g
99 112 82 9 38 134 143 m
106 117 69 9 39 117 126 c
146 174 76 7 49 121 130 c
100 137 71 7 40 94 101 c
100 104 92 10 38 165 175 g
148 153 79 9 42 144 154 m
184 207 73 7 54 122 131 m
148 156 85 13 24 152 162 g
103 107 94 9 40 168 178 g
69 95 72 9 29 97 105 c
110 112 93 9 43 170 180 g
94 109 84 10 29 133 142 g
275 282 76 7 60 136 146 c
85 125 70 7 43 91 98 c
172 211 71 13 21 107 115 c
86 115 74 9 32 104 112 m
111 110 88 9 40 162 172 g
102 122 74 10 33 120 128 c
140 188 68 7 48 95 102 m
200 225 74 13 23 125 134 m
111 112 88 9 35 150 159 g
191 217 72 7 56 117 126 m
145 145 81 9 41 148 158 c
104 109 93 10 36 168 178 g
190 216 73 13 20 120 129 m
68 90 70 10 29 99 106 m
174 176 99 7 63 187 197 c
89 101 87 10 35 144 153 g
80 110 67 10 29 90 97 g
145 155 88 13 24 154 163 g
138 173 73 13 21 109 117 m
122 149 72 10 32 111 120 c
252 259 75 7 58 136 146 m
100 113 82 10 33 134 143 c
134 132 85 10 38 159 169 m
209 233 73 7 56 124 133 m
100 133 75 7 45 105 113 m
98 103 93 9 39 166 176 g
153 161 93 7 57 166 176 g
218 220 77 13 24 142 152 c
200 212 75 7 56 132 141 m
175 198 75 13 23 124 133 m
101 131 68 9 31 98 106 m
227 230 76 7 61 141 151 m
186 195 90 13 24 167 177 g
87 111 71 10 30 101 108 m
89 103 74 9 34 118 126 g
104 121 79 10 32 128 137 g
145 181 79 7 47 117 125 m
107 119 78 10 34 129 138 c
98 108 86 10 39 150 159 g
105 121 77 9 33 119 127 c
103 110 93 10 38 165 174 g
87 114 69 9 31 96 104 g
178 228 66 7 51 95 103 g
129 149 87 7 50 143 152 g
160 172 87 7 57 155 164 g
88 102 78 9 37 125 134 m
181 198 79 7 54 136 145 m
130 134 84 9 39 152 162 m
139 152 90 13 23 154 163 g
186 210 71 13 22 117 126 m
131 175 70 7 45 97 105 g
187 212 72 7 54 119 128 c
113 165 64 7 42 80 87 c
133 159 80 7 49 126 135 g
196 200 89 13 28 167 176 m
98 111 82 9 34 135 143 g
84 109 70 9 31 102 110 m
156 157 91 13 25 166 175 g
113 122 87 10 35 148 157 g
121 150 81 7 52 126 135 c
159 188 80 13 19 129 138 c
80 103 76 9 33 112 120 m
180 206 70 7 49 111 119 c
257 262 78 13 22 141 150 g
122 151 75 13 20 109 117 c
127 126 84 9 41 155 164 m
232 257 75 14 21 128 137 m
109 156 67 13 17 87 94 c
157 196 72 7 48 107 115 m
97 103 86 9 40 152 161 g
115 128 79 10 38 134 143 m
109 112 80 9 39 140 149 g
57 85 68 10 28 86 93 g
102 111 82 9 39 141 151 g
161 195 66 12 20 96 104 c
143 179 70 12 21 104 112 m
99 109 75 10 36 125 134 g
101 114 82 10 33 139 148 m
188 188 88 7 61 164 173 m
79 91 84 10 33 133 142 g
176 181 88 13 25 162 171 g
206 235 71 13 22 115 123 g
116 125 76 9 36 129 138 m
178 171 74 9 39 137 147 c
101 106 89 9 38 156 165 g
105 112 85 10 33 140 149 g
92 123 68 9 31 92 99 m
161 182 78 13 24 131 139 c
93 97 90 9 39 156 165 c
67 97 66 10 27 85 92 c
175 203 74 13 21 121 130 m
104 110 89 10 37 159 169 g
117 129 75 10 35 127 136 g
179 189 87 13 22 155 164 g
98 110 71 9 33 111 119 m
103 123 80 10 34 130 139 c
83 88 92 10 38 165 175 g
100 118 75 10 33 118 127 m
170 172 93 7 60 175 185 g
98 104 90 10 36 157 167 g
129 172 73 7 45 101 109 m
181 214 74 13 21 119 128 c
126 167 72 7 47 103 111 g
154 170 86 7 57 150 159 m
66 86 77 10 30 110 118 c
151 193 73 13 19 110 118 m
116 118 85 9 41 147 156 c
135 150 88 12 24 149 158 m
82 109 70 10 28 97 105 m
158 184 78 7 52 132 140 c
166 198 72 7 48 111 120 m
124 145 71 9 37 114 123 m
141 160 88 13 23 148 156 g
182 201 83 13 22 148 157 m
105 113 81 9 38 134 143 m
165 167 74 10 38 136 146 m
180 193 86 7 58 152 161 m
110 126 80 9 36 133 142 m
93 104 80 9 39 135 144 g
122 153 73 13 22 106 114 m
95 100 97 9 40 181 191 g
134 163 82 7 50 129 137 g
124 125 75 10 41 138 148 m
84 105 78 9 35 117 125 c
153 169 83 13 24 139 148 g
155 186 76 7 50 119 128 m
97 98 94 10 36 175 185 g
103 124 81 9 33 123 131 g
118 118 87 9 43 156 166 m
152 169 89 7 57 150 159 g
155 165 89 13 26 158 167 m
99 99 94 10 37 175 185 c
86 110 68 10 29 97 105 g
174 180 86 13 23 152 161 g
134 138 78 10 36 138 147 m
99 112 80 9 34 127 135 m
236 238 75 7 61 139 148 c
184 202 74 13 23 124 133 m
143 170 83 7 50 132 140 g
105 113 85 9 35 143 152 c
174 206 77 7 53 123 132 m
121 119 88 10 39 161 170 c
178 193 79 7 55 138 148 m
73 100 68 9 31 91 99 m
166 173 87 7 61 158 167 m
129 138 78 9 38 140 149 m
169 175 94 7 63 176 186 g
123 144 78 12 20 120 128 c
176 207 73 7 50 115 123 m
180 181 85 13 25 157 167 m
225 229 80 13 23 146 156 m
217 222 77 7 61 139 148 m
120 153 76 7 47 112 120 c
103 110 87 10 37 151 160 g
153 201 67 13 20 97 105 c
89 98 84 10 34 138 147 m
109 112 83 10 36 152 162 m
166 180 78 12 25 130 139 m
83 101 72 9 31 109 117 g
100 112 81 10 31 131 139 m
139 180 71 7 45 103 111 c
127 124 80 9 40 149 159 c
83 96 79 9 34 124 132 m
111 118 78 9 37 136 145 m
83 110 65 10 28 85 92 c
105 106 90 9 40 168 177 g
114 114 85 10 39 153 163 c
108 109 93 10 37 172 182 g
138 162 85 13 20 137 145 g
134 155 73 12 23 116 124 g
120 162 74 13 17 102 110 c
79 86 90 9 38 153 162 g
158 177 74 7 53 119 128 m
121 142 85 7 48 136 144 g
119 179 65 13 15 82 89 g
85 112 74 9 31 104 112 c
137 175 79 13 19 117 125 m
184 197 83 13 25 146 156 g
104 111 90 10 38 162 171 c
92 106 75 9 37 120 128 m
126 129 76 10 37 132 142 g
186 192 80 7 56 144 154 m
118 118 93 9 41 173 183 c
180 186 83 12 26 151 161 c
85 95 85 9 35 138 146 g
127 182 65 13 18 85 92 g
109 122 78 9 36 127 135 c
170 189 83 7 58 142 151 m
164 171 93 7 59 167 176 c
144 164 82 13 21 133 142 g
120 124 76 9 39 132 141 m
101 105 84 9 39 149 159 c
95 102 90 10 38 160 169 g
115 124 72 10 34 118 127 g
93 97 96 10 38 176 186 g
64 82 73 9 31 104 111 c
